$ANSIBLE_VAULT;1.1;AES256
38366138316133333537663061366231373166323239383435333935356461633737343263323236
3838393733636136383633313931386338643363316334340a383831633539336337643334393932
39336264653438663730346436393438643062653064626262313363316533666439353261663761
3164376462393136370a636338393335616635346237656364393665393833343233633561373733
65313066376462663030643837613336613738353061653064333863396635633332613062316363
63393830353636656639656164343933656666653237396634636337323865646637383532326139
65323434623733353662343936303434373165336465663564316165323530306266663235363637
62623834326363356665313939363430656138613965333832653934303338383536666162623031
34633230626634303936616564633461316363636435336636653662303739366563643261643161
61303235323739646266386461346464386330336433613935613964646264356563353466343635
64326331623535666162306630366563663566383062306231393237386334653331653531366438
33356161623562366535383566366566666235636630646366356265666562623662656564353561
6534
